1035
1054
1046
1040
1032
1046
1044
1049
1032
1037
1030
1055
1047
1046
1040
1042
1038
1038
1038
1045
1028
1036
1031
1043
1024
1039
1044
1043
1041
1048
1030
1040
1048
1038
1039
1045
1039
1033
1020
1042
1044
1033
1036
1637
3027
3555
3523
3584
3624
3623
3543
3556
3585
3389
3479
3475
3071
1406
1049
1045
1043
1037
1037
1036
1043
1035
1040
1027
1048
1033
1033
1049
1036
1048
1049
1036
1025
1051
1046
1047
1038
1044
1048
1040
1039
1042
1028
1052
1021
1024
1045
1048
1040
1032
1035
1049
1038
1046
1034
1041
