- Jet Lab
- Date: 2021-11-18 10:39:34
- Step: 10 motor steps
1049
1057
1058
1056
1052
1050
1053
1057
1062
1061
1058
1062
1052
1059
1063
1058
1060
1053
1046
1058
1055
1067
1055
1055
1056
1061
1066
1052
1056
1058
1063
1052
1047
1050
1059
1046
1051
1047
1052
1056
1043
1049
1057
1050
1061
1050
1060
1052
1048
1042
1060
1044
1052
1059
1047
1063
1052
1046
1064
1052
1050
1045
1061
1059
1052
1054
1067
1056
1061
1058
1047
1060
1057
1056
1057
1059
1052
1052
1056
1052
1046
1062
1060
1059
1062
1059
1047
1053
1055
1067
1060
1059
1062
1064
1057
1062
1059
1058
1065
1039
1044
1062
1053
1045
1058
1065
1050
1068
1058
1073
1059
1069
1062
1053
1057
1057
1050
1056
1063
1066
1052
1054
1043
1054
1062
1054
1052
1059
1051
1067
1064
1060
1063
1055
1059
1069
1063
1056
1068
1060
1063
1051
1064
1050
1058
1041
1057
1062
1052
1052
1059
1059
1059
1055
1052
1062
1059
1062
1052
1039
1057
1055
1063
1064
1063
1055
1051
1054
1045
1066
1061
1061
1050
1059
1059
1056
1059
1055
1060
1058
1043
1063
1064
1061
1063
1061
1053
1052
1057
1055
1050
1049
1072
1052
1064
1052
1064
1047
1050
1060
1064
1063
1045
1054
1058
1056
1064
1066
1058
1063
1052
1046
1060
1062
1063
1058
1067
1057
1071
1065
1064
1068
1061
1068
1062
1058
1044
1058
1058
1047
1048
1048
1064
1073
1056
1060
1053
1065
1062
1050
1049
1055
1044
1057
1050
1062
1050
1060
1055
1046
1056
1069
1052
1044
1052
1063
1064
1049
1052
1054
1067
1063
1065
1054
1075
1055
1068
1061
1062
1049
1055
1048
1052
1059
1059
1068
1061
1062
1064
1072
1068
1069
1066
1049
1055
1056
1056
1047
1055
1071
1062
1060
1059
1055
1057
1055
1068
1065
1051
1052
1051
1047
1056
1063
1049
1065
1061
1060
1071
1052
1054
1050
1051
1058
1052
1045
1045
1064
1060
1063
1062
1065
1063
1062
1071
1060
1068
1073
1068
1068
1060
1063
1057
1063
1055
1056
1059
1056
1062
1055
1064
1056
1066
1062
1061
1054
1048
1052
1046
1058
1059
1059
1050
1053
1061
1051
1055
1061
1057
1060
1051
1050
1064
1049
1057
1065
1061
1058
1063
1068
1063
1062
1065
1072
1070
1056
1066
1063
1060
1064
1057
1047
1057
1055
1052
1048
1064
1058
1070
1060
1064
1057
1064
1063
1065
1062
1063
1057
1059
1062
1055
1068
1067
1065
1060
1071
1060
1052
1061
1059
1049
1060
1055
1058
1059
1048
1056
1055
1058
1060
1059
1059
1070
1069
1063
1056
1062
1060
1060
1063
1054
1060
1052
1064
1049
1051
1051
1055
1056
1054
1055
1072
1051
1058
1054
1053
1052
1071
1070
1070
1063
1041
1063
1053
1047
1040
1056
1057
1047
1054
1052
1038
1052
1044
1047
1049
1048
1046
1055
1055
1061
1049
1059
1043
1044
1054
1060
1056
1055
1064
1059
1063
1055
1059
1048
1053
1054
1046
1059
1055
1055
1047
1051
1064
1060
1064
1058
1058
1047
1050
1053
1055
1048
1052
1061
1048
1054
1055
1057
1059
1058
1065
1059
1057
1047
1063
1062
1055
1057
1058
1043
1048
1049
1068
1057
1060
1060
1059
1048
1053
1059
1044
1050
1058
1052
1060
1050
1051
1047
1055
1063
1061
1060
1050
1059
1061
1046
1059
1062
1067
