- Jet Lab
- Date: 2021-11-18 10:40:20
- Step: 10 motor steps
2139
2140
2137
2120
2131
2131
2124
2120
2113
2118
2110
2115
2116
2108
2104
2115
2108
2104
2091
2128
2130
2138
2136
2127
2139
2143
2136
2134
2128
2131
2128
2127
2133
2124
2136
2161
2159
2172
2180
2188
2180
2168
2168
2174
2185
2162
2180
2176
2177
2176
2158
2180
2178
2174
2164
2180
2180
2164
2186
2180
2181
2156
2169
2178
2169
2136
2145
2133
2127
2132
2116
2108
2111
2120
2112
2134
2124
2119
2118
2117
2121
2104
2105
2116
2116
2127
2096
2127
2120
2151
2139
2144
2151
2129
2144
2160
2166
2171
2179
2185
2184
2188
2175
2168
2181
2160
2178
2184
2190
2185
2163
2175
2185
2182
2180
2180
2167
2178
2194
2188
2178
2192
2187
2180
2188
2208
2204
2196
2199
2200
2195
2200
2200
2207
2216
2195
2228
2208
2214
2216
2208
2214
2214
2191
2191
2216
2203
2200
2205
2209
2212
2217
2207
2217
2204
2223
2213
2212
2197
2195
2204
2195
2188
2199
2177
2168
2164
2172
2155
2148
2169
2163
2147
2156
2162
2134
2135
2140
2136
2127
2136
2120
2118
2113
2128
2111
2114
2097
2109
2099
2112
2124
2110
2107
2116
2104
2104
2112
2126
2128
2120
2124
2126
2132
2136
2143
2143
2140
2152
2156
2148
2140
2140
2153
2123
2136
2116
2119
2104
2108
2125
2127
2121
2117
2108
2120
2120
2151
2134
2137
2143
2135
2143
2160
2152
2152
2148
2135
2156
2160
2187
2184
2175
2179
2211
2205
2210
2202
2211
2208
2211
2189
2215
2190
2200
2191
2182
2179
2184
2178
2193
2202
2207
2189
2185
2187
2206
2195
2201
2183
2190
2195
2171
2181
2184
2161
2176
2167
2172
2168
2172
2163
2161
2168
2153
2174
2166
2156
2147
2144
2141
2146
2143
2143
2160
2172
2145
2151
2142
2128
2123
2147
2148
2130
2142
2116
2128
2108
2117
2109
2113
2119
2105
2111
2120
2115
2092
2131
2118
2116
2112
2124
2104
2132
2113
2111
2136
2124
2120
2108
2108
2119
2114
2108
2128
2119
2124
2125
2138
2127
2140
2132
2149
2176
2183
2188
2185
2185
2199
2200
2187
2171
2195
2202
2191
2204
2225
2208
2223
2208
2214
2206
2211
2198
2214
2211
2220
2217
2200
2201
2207
2192
2201
2190
2195
2191
2194
2208
2207
2206
2206
2199
2210
2209
2197
2212
2204
2224
2208
2210
2201
2181
2182
2159
2163
2146
2160
2133
2147
2140
2127
2136
2141
2124
2128
2139
2150
2152
2163
2198
2191
2170
2177
2162
2163
2168
2151
2151
2144
2163
2136
2158
2152
2156
2152
2147
2144
2150
2136
2134
2129
2124
2134
2129
2140
2129
2119
2134
2131
2136
2127
2143
2131
2132
2151
2123
2123
2131
2112
2134
2115
2113
2129
2112
2127
2135
2120
2118
2131
2120
2131
2118
2144
2145
2136
2147
2155
2164
2156
2172
2164
2148
2174
2158
2181
2180
2172
2180
2195
2190
2177
2189
2182
2183
2182
2202
2192
2183
2188
2192
2180
2179
2193
2188
2176
2177
2175
2182
2163
2169
2178
2181
2176
2179
2187
2187
2178
2155
2168
2161
2155
2147
2159
2145
2144
2155
2139
2152
2145
2143
2150
2140
2157
2136
2153
2164
2150
2166
2176
2175
2156
2161
2160
2156
2167
2159
2174
2148
2147
2150
2137
2143
2145
2145
2139
2128
2127
2126
2119
2126
