1022
1024
1051
1043
1044
1041
1042
1049
1047
1041
1046
1042
1039
1041
1038
1028
1044
1043
1043
1041
1043
1032
1041
1031
1026
1047
1036
1036
1032
1024
1030
1052
1036
1043
1038
1050
1066
1110
1032
1051
1075
1130
1276
1783
2290
2560
2919
3107
3084
3432
3415
3456
3286
3155
3127
3026
2643
2404
2016
1699
1493
1224
1148
1075
1036
1044
1034
1044
1033
1035
1043
1012
1022
1037
1040
1046
1033
1044
1043
1036
1040
1042
1041
1039
1040
1032
1035
1038
1040
1040
1030
1044
1036
1035
1027
1036
1040
1043
1047
1040
