- Jet Lab
- Date: 2021-11-18 11:06:10
- Step: 10 mm
1210.6230154372681
1213.693621200559
1211.8512577425843
1212.925969759736
1212.925969759736
1213.2330303360652
1211.3906668780908
1212.0047880307488
1210.7765457254325
1213.0795000479006
1212.0047880307488
1212.311848607078
1211.6977274544197
1211.3906668780908
1209.8553639964452
1211.5441971662553
1210.4694851491035
1211.8512577425843
1212.0047880307488
1211.5441971662553
1210.1624245727744
1210.7765457254325
1210.1624245727744
1212.311848607078
1213.3865606242298
1210.7765457254325
1212.1583183189134
1212.925969759736
1212.7724394715715
1212.0047880307488
1212.0047880307488
1212.311848607078
1211.6977274544197
1213.693621200559
1211.0836063017616
1213.3865606242298
1212.6189091834071
1211.5441971662553
1211.8512577425843
1213.2330303360652
1214.0006817768879
1212.4653788952426
1212.311848607078
1212.6189091834071
1210.930076013597
1213.2330303360652
1213.5400909123944
1212.311848607078
1214.4612726413816
1211.6977274544197
1214.1542120650524
1212.6189091834071
1214.7683332177107
1214.0006817768879
1215.0753937940397
1212.4653788952426
1210.6230154372681
1212.4653788952426
1212.925969759736
1211.5441971662553
1211.8512577425843
1212.0047880307488
1212.925969759736
1212.311848607078
1210.930076013597
1211.5441971662553
1210.4694851491035
1211.5441971662553
1210.6230154372681
1213.5400909123944
1212.4653788952426
1214.1542120650524
1213.3865606242298
1212.925969759736
1212.311848607078
1210.6230154372681
1212.925969759736
1211.6977274544197
1213.0795000479006
1213.2330303360652
1212.925969759736
1213.0795000479006
1211.5441971662553
1213.5400909123944
1213.0795000479006
1213.0795000479006
1213.0795000479006
1210.6230154372681
1212.4653788952426
1212.311848607078
1211.0836063017616
1212.311848607078
1211.6977274544197
1210.7765457254325
1212.4653788952426
1213.2330303360652
1211.5441971662553
1213.2330303360652
1212.925969759736
1214.1542120650524
1211.0836063017616
1214.0006817768879
1214.1542120650524
1213.5400909123944
1214.6148029295462
1214.307742353217
1213.2330303360652
1214.4612726413816
1213.0795000479006
1214.1542120650524
1212.0047880307488
1212.7724394715715
1213.693621200559
1214.1542120650524
1211.6977274544197
1212.7724394715715
1212.7724394715715
1211.0836063017616
1212.7724394715715
1211.6977274544197
1212.1583183189134
1211.5441971662553
1212.0047880307488
1212.311848607078
1209.8553639964452
1212.7724394715715
1212.925969759736
1212.6189091834071
1211.5441971662553
1213.0795000479006
1212.925969759736
1211.5441971662553
1212.311848607078
1212.311848607078
1212.0047880307488
1211.5441971662553
1210.6230154372681
1212.4653788952426
1211.8512577425843
1212.7724394715715
1212.4653788952426
1210.7765457254325
1210.6230154372681
1211.6977274544197
1212.4653788952426
1213.2330303360652
1212.311848607078
1212.6189091834071
1212.6189091834071
1213.8471514887233
1211.2371365899262
1213.2330303360652
1213.3865606242298
1211.0836063017616
1212.1583183189134
1215.3824543703688
1212.925969759736
1212.4653788952426
1212.7724394715715
1213.0795000479006
1212.4653788952426
1212.311848607078
1213.0795000479006
1213.2330303360652
1212.4653788952426
1214.307742353217
1214.0006817768879
1212.925969759736
1212.0047880307488
1214.1542120650524
1213.693621200559
1212.7724394715715
1210.315954860939
1212.1583183189134
1211.8512577425843
1210.0088942846098
1212.4653788952426
1213.3865606242298
1214.1542120650524
1212.0047880307488
1212.925969759736
1213.3865606242298
1213.0795000479006
1213.693621200559
1212.925969759736
1213.3865606242298
1211.8512577425843
1211.0836063017616
1212.0047880307488
1212.0047880307488
1210.1624245727744
1212.311848607078
1212.925969759736
1212.4653788952426
1210.4694851491035
1210.315954860939
1211.8512577425843
1212.311848607078
1211.3906668780908
1211.6977274544197
1211.6977274544197
1211.6977274544197
1212.1583183189134
1210.930076013597
1212.7724394715715
1212.925969759736
1211.2371365899262
1212.311848607078
1210.0088942846098
1212.0047880307488
1211.0836063017616
1211.2371365899262
1213.693621200559
1212.1583183189134
1211.8512577425843
1211.6977274544197
1212.4653788952426
1210.6230154372681
1213.0795000479006
1214.0006817768879
1212.1583183189134
1213.2330303360652
1214.0006817768879
1213.0795000479006
1214.4612726413816
1213.3865606242298
1212.4653788952426
1212.925969759736
1212.311848607078
1213.3865606242298
1213.8471514887233
1211.8512577425843
1214.0006817768879
1213.0795000479006
1211.8512577425843
1213.693621200559
1211.8512577425843
1213.2330303360652
1213.693621200559
1213.3865606242298
1212.4653788952426
1212.925969759736
1213.693621200559
1213.2330303360652
1213.693621200559
1214.6148029295462
1212.311848607078
1213.2330303360652
1211.0836063017616
1211.6977274544197
1210.4694851491035
1212.0047880307488
1212.7724394715715
1210.7765457254325
1210.930076013597
1212.1583183189134
1212.0047880307488
1210.7765457254325
1213.0795000479006
1213.3865606242298
1212.311848607078
1212.1583183189134
1211.6977274544197
1210.315954860939
1213.0795000479006
1211.2371365899262
1211.3906668780908
1210.930076013597
1212.925969759736
1213.2330303360652
1211.2371365899262
1212.7724394715715
1212.7724394715715
1210.7765457254325
1211.8512577425843
1211.5441971662553
1210.7765457254325
1211.5441971662553
1211.0836063017616
1211.8512577425843
1211.5441971662553
1211.8512577425843
1212.6189091834071
1212.1583183189134
1212.6189091834071
1213.3865606242298
1213.0795000479006
1213.0795000479006
1212.4653788952426
1212.0047880307488
1212.4653788952426
1213.0795000479006
1211.8512577425843
1211.8512577425843
1213.2330303360652
1213.0795000479006
1213.8471514887233
1212.0047880307488
1211.6977274544197
1211.3906668780908
1213.5400909123944
1212.7724394715715
1211.8512577425843
1212.311848607078
1214.4612726413816
1214.0006817768879
1213.0795000479006
1213.2330303360652
1214.1542120650524
1213.5400909123944
1212.925969759736
1212.925969759736
1213.5400909123944
1212.4653788952426
1214.7683332177107
1213.8471514887233
1214.6148029295462
1214.0006817768879
1212.0047880307488
1212.311848607078
1212.4653788952426
1212.4653788952426
1214.1542120650524
1214.1542120650524
1213.0795000479006
1214.1542120650524
1212.1583183189134
1213.2330303360652
1212.1583183189134
1212.7724394715715
1212.7724394715715
1212.1583183189134
1211.3906668780908
1212.311848607078
1213.0795000479006
1212.311848607078
1210.6230154372681
1212.4653788952426
1212.7724394715715
1212.311848607078
1213.0795000479006
1213.3865606242298
1212.311848607078
1212.925969759736
1210.315954860939
1213.3865606242298
1210.4694851491035
1210.1624245727744
1212.311848607078
1211.8512577425843
1211.6977274544197
1212.0047880307488
1211.8512577425843
1212.925969759736
1212.1583183189134
1210.930076013597
1211.2371365899262
1210.6230154372681
1212.7724394715715
1212.311848607078
1212.7724394715715
1212.6189091834071
1213.2330303360652
1212.0047880307488
1213.8471514887233
1211.5441971662553
1211.2371365899262
1213.2330303360652
1213.693621200559
1213.5400909123944
1212.311848607078
1212.0047880307488
1213.0795000479006
1213.5400909123944
1213.693621200559
1212.4653788952426
1214.7683332177107
1212.0047880307488
1212.7724394715715
1214.1542120650524
1213.3865606242298
1213.693621200559
1214.0006817768879
1212.1583183189134
1213.8471514887233
1213.8471514887233
1214.6148029295462
1213.0795000479006
1214.921863505875
1213.8471514887233
1212.6189091834071
1212.925969759736
1212.1583183189134
1214.1542120650524
1214.7683332177107
1213.0795000479006
1212.311848607078
1210.930076013597
1212.311848607078
1211.2371365899262
1210.315954860939
1211.2371365899262
1211.8512577425843
1212.4653788952426
1212.4653788952426
1212.7724394715715
1210.930076013597
1213.2330303360652
1211.2371365899262
1212.4653788952426
1211.8512577425843
1211.6977274544197
1212.311848607078
1213.0795000479006
1210.7765457254325
1210.7765457254325
1212.4653788952426
1212.7724394715715
1212.311848607078
1213.2330303360652
1212.311848607078
1210.7765457254325
1210.315954860939
1210.930076013597
1210.315954860939
1211.5441971662553
1213.2330303360652
1212.4653788952426
1210.7765457254325
1212.4653788952426
1212.6189091834071
1211.2371365899262
1212.311848607078
1212.6189091834071
1212.311848607078
1212.311848607078
1212.6189091834071
1213.5400909123944
1212.925969759736
1212.925969759736
1211.3906668780908
1212.925969759736
1213.0795000479006
1214.1542120650524
1214.307742353217
1212.7724394715715
1213.5400909123944
1215.5359846585334
1213.2330303360652
1214.0006817768879
1215.2289240822042
1214.4612726413816
1214.1542120650524
1213.693621200559
1214.0006817768879
1214.4612726413816
1212.6189091834071
1212.7724394715715
1213.693621200559
1211.8512577425843
1213.5400909123944
1213.8471514887233
1213.2330303360652
1212.311848607078
1211.6977274544197
1212.0047880307488
1212.925969759736
1212.925969759736
1212.0047880307488
1212.311848607078
1210.4694851491035
1210.4694851491035
1211.6977274544197
1213.5400909123944
1212.7724394715715
1213.693621200559
1213.0795000479006
1212.6189091834071
1212.925969759736
1211.6977274544197
1213.2330303360652
1213.2330303360652
1211.5441971662553
1212.311848607078
1210.6230154372681
1213.8471514887233
1210.7765457254325
1211.6977274544197
1212.6189091834071
1212.311848607078
1212.0047880307488
1213.3865606242298
1211.5441971662553
1213.0795000479006
1213.8471514887233
1213.693621200559
1213.8471514887233
1214.4612726413816
1213.3865606242298
1213.3865606242298
1212.925969759736
1214.307742353217
1213.0795000479006
1212.311848607078
1211.2371365899262
1211.5441971662553
1213.0795000479006
1212.0047880307488
1212.4653788952426
1213.693621200559
1213.693621200559
1211.2371365899262
1212.311848607078
1212.311848607078
1213.0795000479006
1212.925969759736
1212.7724394715715
1213.0795000479006
1210.930076013597
1212.7724394715715
1212.6189091834071
1211.8512577425843
1211.0836063017616
1210.4694851491035
1211.6977274544197
1212.0047880307488
1211.5441971662553
1212.925969759736
1213.0795000479006
1213.8471514887233
1212.311848607078
1213.0795000479006
1213.693621200559
1214.4612726413816
1214.0006817768879
1214.307742353217
1214.1542120650524
1214.307742353217
1214.1542120650524
1212.7724394715715
1213.693621200559
1214.307742353217
1212.4653788952426
1212.311848607078
1212.4653788952426
1211.2371365899262
1212.925969759736
1212.311848607078
1211.2371365899262
1212.311848607078
1212.7724394715715
1213.5400909123944
1213.5400909123944
1212.4653788952426
1210.4694851491035
1211.5441971662553
1212.925969759736
1212.4653788952426
1211.8512577425843
1213.5400909123944
1211.8512577425843
1212.0047880307488
1213.2330303360652
1213.0795000479006
1212.925969759736
1213.0795000479006
1214.1542120650524
1211.8512577425843
1214.4612726413816
1212.0047880307488
1212.7724394715715
1212.7724394715715
1212.7724394715715
1213.693621200559
1212.311848607078
1210.0088942846098
1212.4653788952426
1212.4653788952426
1211.2371365899262
1211.5441971662553
1211.8512577425843
1211.2371365899262
1213.0795000479006
1210.7765457254325
1210.315954860939
1213.0795000479006
1212.7724394715715
1212.0047880307488
1211.5441971662553
1212.1583183189134
1212.7724394715715
1213.2330303360652
1213.0795000479006
1212.7724394715715
1211.6977274544197
1211.8512577425843
1212.6189091834071
1212.311848607078
1211.0836063017616
1213.0795000479006
1213.0795000479006
1213.2330303360652
1214.307742353217
1211.8512577425843
1211.6977274544197
1213.693621200559
1213.8471514887233
1212.7724394715715
1214.0006817768879
1215.2289240822042
1213.5400909123944
1212.311848607078
1211.6977274544197
1212.7724394715715
1213.693621200559
1214.0006817768879
1213.3865606242298
1211.2371365899262
1213.693621200559
1214.6148029295462
1211.8512577425843
1211.2371365899262
1212.311848607078
1213.3865606242298
1211.5441971662553
1212.6189091834071
1211.2371365899262
1212.925969759736
1211.6977274544197
1212.311848607078
1211.3906668780908
1212.7724394715715
1213.2330303360652
1211.5441971662553
1211.8512577425843
1210.6230154372681
1211.5441971662553
1211.6977274544197
1212.1583183189134
1210.315954860939
1212.6189091834071
1212.4653788952426
1212.7724394715715
1212.4653788952426
1211.5441971662553
1210.315954860939
1212.311848607078
1212.0047880307488
1212.7724394715715
1210.4694851491035
1212.1583183189134
1210.315954860939
1211.8512577425843
1209.8553639964452
1212.6189091834071
1210.6230154372681
1211.8512577425843
1212.1583183189134
1212.4653788952426
1212.4653788952426
1212.1583183189134
1211.2371365899262
1211.0836063017616
1210.315954860939
1211.8512577425843
1210.1624245727744
1212.6189091834071
1212.311848607078
1212.4653788952426
1212.1583183189134
1211.0836063017616
1212.311848607078
1212.925969759736
1213.8471514887233
1214.307742353217
1211.2371365899262
1212.1583183189134
1213.5400909123944
1213.0795000479006
1213.5400909123944
1214.1542120650524
1213.8471514887233
1213.5400909123944
1213.5400909123944
1214.307742353217
1213.693621200559
1211.5441971662553
1212.925969759736
1214.1542120650524
1213.5400909123944
1211.6977274544197
1210.6230154372681
1212.1583183189134
1212.311848607078
1211.8512577425843
1210.7765457254325
1210.6230154372681
1212.7724394715715
1212.7724394715715
1212.7724394715715
1212.4653788952426
1213.0795000479006
1210.4694851491035
1210.6230154372681
1212.7724394715715
1213.8471514887233
1211.2371365899262
1211.2371365899262
1214.0006817768879
1211.5441971662553
1212.0047880307488
1210.0088942846098
1211.3906668780908
1210.7765457254325
1209.5483034201163
1211.0836063017616
1211.8512577425843
1211.0836063017616
1212.311848607078
1211.6977274544197
1210.1624245727744
1211.5441971662553
1212.925969759736
1210.0088942846098
1212.311848607078
1212.311848607078
1211.8512577425843
1210.6230154372681
1212.6189091834071
1212.1583183189134
1213.3865606242298
1213.0795000479006
1214.7683332177107
1213.693621200559
1213.693621200559
1212.1583183189134
1213.693621200559
1212.311848607078
1214.4612726413816
1214.1542120650524
1214.4612726413816
1213.5400909123944
1211.2371365899262
1213.2330303360652
1211.2371365899262
1213.0795000479006
1213.2330303360652
1211.5441971662553
1210.315954860939
1212.7724394715715
