1027
1044
1040
1050
1044
1052
1050
1043
1049
1040
1046
1041
1040
1049
1044
1032
1044
1038
1048
1047
1043
1048
1043
1029
1046
1048
1047
1052
1037
1036
1043
1040
1046
1110
1068
1116
1121
1062
1215
1272
1326
1462
1792
1709
1997
2241
2275
2639
2978
3002
3121
3120
3113
2855
2860
2663
2401
2272
2075
1678
1498
1364
1177
1079
1084
1079
1059
1036
1041
1035
1036
1038
1048
1038
1045
1040
1043
1041
1042
1047
1046
1031
1040
1042
1044
1042
1034
1045
1036
1042
1042
1046
1036
1039
1048
1042
1038
1048
1041
1038
