- Jet Lab

- Experiment date = 2021-11-18 11:56:23
- Number of samples in measure = 100
- Number of motor steps between measures = 10
- Measures count = 100

- adc12bit
1038
1040
1048
1040
1041
1037
1033
1041
1027
1046
1031
1056
1041
1039
1041
1041
1044
1050
1037
1040
1045
1042
1068
3144
3389
3443
3506
3500
3522
3588
3580
3536
3512
3496
3592
3352
2160
1052
1048
1056
1038
1039
1040
1047
1040
1048
1048
1042
1040
1042
1044
1051
1046
1039
1044
1028
1046
1041
1040
1046
1051
1040
1048
1054
1046
1049
1036
1048
1046
1052
1049
1040
1038
1052
1033
1045
1044
1024
1044
1044
1043
1048
1041
1043
1046
1046
1044
1046
1048
1044
1046
1050
1038
1023
1040
1044
1045
1041
1032
1035
