- Jet Lab

- Experiment date = 2021-11-18 12:05:40
- Number of samples in measure = 100
- Number of motor steps between measures = 10
- Measures count = 100

- adc12bit
1030
1039
1039
1039
1040
1047
1042
1049
1048
1043
1034
1038
1041
1034
1036
1041
1040
1025
1043
1052
1032
1057
1041
1051
1051
1117
1101
1136
1152
1178
1274
1216
1448
1571
1680
1719
1900
2100
2100
2445
2677
2722
2855
3148
2911
2808
2757
2624
2548
2188
2049
1632
1572
1460
1286
1191
1177
1096
1118
1048
1048
1029
1040
1049
1040
1041
1046
1036
1046
1048
1040
1048
1043
1041
1048
1047
1044
1037
1042
1035
1036
1049
1030
1041
1041
1033
1040
1044
1036
1033
1038
1044
1038
1049
1048
1027
1051
1046
1032
1036
