- Jet Lab

- Experiment date = 2021-11-18 12:06:53
- Number of samples in measure = 100
- Number of motor steps between measures = 10
- Measures count = 100

- adc12bit
1023
1043
1065
1023
1065
1084
1074
1070
1049
1085
1128
1209
1144
1168
1440
1180
1276
1509
1584
1774
1837
1987
1909
2332
2579
2635
2522
2600
2492
2588
2386
2382
2156
2102
1744
1782
1444
1395
1432
1312
1255
1147
1048
1039
1055
1088
1063
1032
1044
1048
1038
1041
1042
1047
1045
1046
1048
1039
1052
1043
1039
1046
1043
1029
1038
1042
1047
1046
1049
1041
1032
1041
1037
1043
1036
1042
1048
1045
1048
1033
1037
1040
1028
1040
1048
1042
1047
1039
1048
1048
1038
1032
1042
1040
1048
1036
1040
1044
1041
1043
