- Jet Lab

- Experiment date = 2021-11-18 12:09:31
- Number of samples in measure = 100
- Number of motor steps between measures = 10
- Measures count = 100

- adc12bit
1036
1032
1049
1048
1051
1045
1051
1016
1046
1044
1046
1046
1045
1034
1032
1034
1052
1044
1026
1004
1040
1038
1036
1046
1046
1039
1047
1044
1050
1047
1045
1046
1042
1042
1027
1033
1045
1044
1045
1020
1044
1045
1042
1043
1062
1064
1154
1036
1164
1046
1122
1085
1206
1091
1172
1186
1366
1316
1479
1396
1532
1611
1746
1789
2161
2124
2140
2048
2204
2371
2216
2364
2457
2307
2187
2102
2058
1742
1561
1774
1516
1365
1368
1272
1185
1170
1208
1080
1046
1020
1034
1047
1047
1034
1040
1027
1035
1043
1038
1036
