- Jet Lab

- Experiment date = 2021-11-18 12:10:34
- Number of samples in measure = 100
- Number of motor steps between measures = 10
- Measures count = 100

- adc12bit
1030
1034
1048
1034
1030
1039
1033
1043
1046
1043
1048
1046
1036
1036
1036
1030
1036
1046
1042
1010
1041
1020
1054
1044
1028
1030
1041
1044
1040
1039
1037
1046
1035
1040
1041
1038
1041
1052
1060
1059
1070
1094
1058
1119
1088
1126
1158
1132
1187
1217
1206
1298
1296
1262
1508
1536
1446
1501
1520
1892
1696
1867
2007
2108
2134
2225
1920
2124
2282
1999
1776
1892
1745
1669
1647
1376
1382
1369
1194
1264
1324
1162
1126
1094
1058
1136
1053
1033
1045
1043
1038
1035
1046
1035
1037
1042
1035
1048
1034
1039
