-3.000000000000000000e+01
-2.939999999999999858e+01
-2.879999999999999716e+01
-2.819999999999999574e+01
-2.759999999999999432e+01
-2.699999999999999289e+01
-2.639999999999999147e+01
-2.579999999999999005e+01
-2.519999999999998863e+01
-2.459999999999998721e+01
-2.399999999999998579e+01
-2.339999999999998437e+01
-2.279999999999998295e+01
-2.219999999999998153e+01
-2.159999999999998010e+01
-2.099999999999997868e+01
-2.039999999999997726e+01
-1.979999999999997584e+01
-1.919999999999997442e+01
-1.859999999999997300e+01
-1.799999999999997158e+01
-1.739999999999997016e+01
-1.679999999999996874e+01
-1.619999999999996732e+01
-1.559999999999996767e+01
-1.499999999999996803e+01
-1.439999999999996838e+01
-1.379999999999996874e+01
-1.319999999999996909e+01
-1.259999999999996945e+01
-1.199999999999996980e+01
-1.139999999999997016e+01
-1.079999999999997051e+01
-1.019999999999997087e+01
-9.599999999999971223e+00
-8.999999999999971578e+00
-8.399999999999971934e+00
-7.799999999999972289e+00
-7.199999999999972644e+00
-6.599999999999972999e+00
-5.999999999999973355e+00
-5.399999999999973710e+00
-4.799999999999974065e+00
-4.199999999999974420e+00
-3.599999999999974332e+00
-2.999999999999974243e+00
-2.399999999999974154e+00
-1.799999999999974065e+00
-1.199999999999973976e+00
-5.999999999999739986e-01
2.597921877622866305e-14
6.000000000000259570e-01
1.200000000000025935e+00
1.800000000000026024e+00
2.400000000000026112e+00
3.000000000000026201e+00
3.600000000000026290e+00
4.200000000000025935e+00
4.800000000000025580e+00
5.400000000000025224e+00
6.000000000000024869e+00
6.600000000000024514e+00
7.200000000000024158e+00
7.800000000000023803e+00
8.400000000000023448e+00
9.000000000000023093e+00
9.600000000000022737e+00
1.020000000000002238e+01
1.080000000000002203e+01
1.140000000000002167e+01
1.200000000000002132e+01
1.260000000000002096e+01
1.320000000000002061e+01
1.380000000000002025e+01
1.440000000000001990e+01
1.500000000000001954e+01
1.560000000000001918e+01
1.620000000000002061e+01
1.680000000000002203e+01
1.740000000000002345e+01
1.800000000000002487e+01
1.860000000000002629e+01
1.920000000000002771e+01
1.980000000000002913e+01
2.040000000000003055e+01
2.100000000000003197e+01
2.160000000000003340e+01
2.220000000000003482e+01
2.280000000000003624e+01
2.340000000000003766e+01
2.400000000000003908e+01
2.460000000000004050e+01
2.520000000000004192e+01
2.580000000000004334e+01
2.640000000000004476e+01
2.700000000000004619e+01
2.760000000000004761e+01
2.820000000000004903e+01
2.880000000000005045e+01
2.940000000000005187e+01
